0.000010 0.000010 0.999980
0.018170 0.981820 0.000010
0.000010 0.016456 0.983534
0.007194 0.992796 0.000010
0.021924 0.978066 0.000010
0.016554 0.000010 0.983436
0.005718 0.030418 0.963864
0.000010 0.999980 0.000010
0.013766 0.037196 0.949037
0.000010 0.032176 0.967814
0.003324 0.039610 0.957066
0.000010 0.004389 0.995601
0.000010 0.999980 0.000010
0.031714 0.026898 0.941388
0.000010 0.045964 0.954026
0.015855 0.000010 0.984135
0.000010 0.999980 0.000010
0.033204 0.966786 0.000010
0.019449 0.980541 0.000010
0.000010 0.999980 0.000010
0.000010 0.999980 0.000010
0.011219 0.023260 0.965520
0.022295 0.977695 0.000010
0.015181 0.984809 0.000010
0.000010 0.999980 0.000010
0.000010 0.999980 0.000010
0.000019 0.999971 0.000010
0.016167 0.983823 0.000010
0.000010 0.004337 0.995653
0.000010 0.999980 0.000010
0.004342 0.995648 0.000010
0.000010 0.999980 0.000010
0.000010 0.999980 0.000010
0.005270 0.994720 0.000010
0.000010 0.999980 0.000010
0.011769 0.000010 0.988221
0.000010 0.000010 0.999980
0.000010 0.999980 0.000010
0.000010 0.999980 0.000010
0.000010 0.000010 0.999980
0.000010 0.042208 0.957782
0.008772 0.991218 0.000010
0.000010 0.869572 0.130418
0.017358 0.016063 0.966579
0.000010 0.000010 0.999980
0.013668 0.016306 0.970026
0.000010 0.999980 0.000010
0.026875 0.973115 0.000010
0.000010 0.035238 0.964752
0.000010 0.999980 0.000010
0.001593 0.998397 0.000010
0.000010 0.999980 0.000010
0.000010 0.999980 0.000010
0.000012 0.999978 0.000010
0.000010 0.987657 0.012333
0.017508 0.982482 0.000010
0.000010 0.999980 0.000010
0.013465 0.001339 0.985197
0.007736 0.992254 0.000010
0.000010 0.999980 0.000010
0.000010 0.999980 0.000010
0.000010 0.999980 0.000010
0.018064 0.032722 0.949214
0.008544 0.991446 0.000010
0.000010 0.999980 0.000010
0.035601 0.000010 0.964389
0.012238 0.011933 0.975829
0.000010 0.071560 0.928430
0.000010 0.046748 0.953242
0.000010 0.084572 0.915418
0.000010 0.032323 0.967667
0.000010 0.000010 0.999980
0.000010 0.991897 0.008093
0.000010 0.027966 0.972024
0.000010 0.999980 0.000010
0.000010 0.999980 0.000010
0.010462 0.989528 0.000010
0.003231 0.996759 0.000010
0.000010 0.999980 0.000010
0.017131 0.982859 0.000010
0.001240 0.030295 0.968465
0.250214 0.000010 0.749776
0.000010 0.999980 0.000010
0.015158 0.984832 0.000010
0.000010 0.070853 0.929137
0.000010 0.999980 0.000010
0.014225 0.028271 0.957504
0.000010 0.999980 0.000010
0.000010 0.999980 0.000010
0.000010 0.008185 0.991805
0.010367 0.029205 0.960428
0.011317 0.000010 0.988673
0.012141 0.987849 0.000010
0.000010 0.999980 0.000010
0.007661 0.004159 0.988180
0.001426 0.998564 0.000010
0.000010 0.999980 0.000010
0.000010 0.999980 0.000010
0.011934 0.000010 0.988056
0.008190 0.991800 0.000010
0.000010 0.999980 0.000010
0.014430 0.066593 0.918977
0.002979 0.001072 0.995949
0.013030 0.986960 0.000010
0.000010 0.008219 0.991771
0.012466 0.987524 0.000010
0.000010 0.063977 0.936013
0.018760 0.981230 0.000010
0.009899 0.979846 0.010255
0.003106 0.996884 0.000010
0.019352 0.013589 0.967060
0.035828 0.964162 0.000010
0.011720 0.988270 0.000010
0.003077 0.000010 0.996913
0.006863 0.993127 0.000010
0.005768 0.065448 0.928783
0.000010 0.035579 0.964411
0.000010 0.999980 0.000010
0.021287 0.027657 0.951056
0.000871 0.999119 0.000010
0.000010 0.999980 0.000010
0.011251 0.980501 0.008248
0.004868 0.000010 0.995122
0.000010 0.017026 0.982964
0.000010 0.999980 0.000010
0.015967 0.044794 0.939239
0.008635 0.058514 0.932850
0.000010 0.999980 0.000010
0.018354 0.022995 0.958651
0.000010 0.006063 0.993927
0.004253 0.000010 0.995737
0.022530 0.021798 0.955673
0.000010 0.054957 0.945033
0.000010 0.999980 0.000010
0.000010 0.000010 0.999980
0.005021 0.994969 0.000010
0.035554 0.964436 0.000010
0.006472 0.031094 0.962435
0.000010 0.031381 0.968609
0.000010 0.000010 0.999980
0.000010 0.041812 0.958178
0.022376 0.977614 0.000010
0.002716 0.997274 0.000010
0.022776 0.977214 0.000010
0.000010 0.999980 0.000010
0.000010 0.006369 0.993621
0.000010 0.036199 0.963791
0.000010 0.029058 0.970932
0.030287 0.969703 0.000010
0.000010 0.023489 0.976501
0.016453 0.000010 0.983537
0.000010 0.039324 0.960666
0.000010 0.000618 0.999372
0.000010 0.029702 0.970288
0.000010 0.895164 0.104826
0.000010 0.999980 0.000010
0.000010 0.999980 0.000010
0.000010 0.999980 0.000010
0.020107 0.979883 0.000010
0.022551 0.000010 0.977439
0.000010 0.000010 0.999980
0.000010 0.053350 0.946640
0.000010 0.999980 0.000010
0.000010 0.989219 0.010771
0.008866 0.054879 0.936255
0.007123 0.992867 0.000010
0.016453 0.983537 0.000010
0.000010 0.000010 0.999980
0.000010 0.000103 0.999887
0.022118 0.000010 0.977872
0.002840 0.997150 0.000010
0.034200 0.965790 0.000010
0.025886 0.974104 0.000010
0.003271 0.068500 0.928230
0.011723 0.010685 0.977592
0.000010 0.999980 0.000010
0.000010 0.999980 0.000010
0.013610 0.986380 0.000010
0.018320 0.022511 0.959169
0.000010 0.011045 0.988945
0.012960 0.987030 0.000010
0.000010 0.032814 0.967176
0.000010 0.019835 0.980155
0.000010 0.045021 0.954969
0.000010 0.999980 0.000010
0.000010 0.046597 0.953393
0.004742 0.002389 0.992869
0.000010 0.999980 0.000010
0.021024 0.978966 0.000010
0.000010 0.036499 0.963491
0.018725 0.981265 0.000010
0.023858 0.976132 0.000010
0.002658 0.028360 0.968983
0.000010 0.014052 0.985938
0.000010 0.999980 0.000010
0.000010 0.999980 0.000010
0.027631 0.046604 0.925765
0.022037 0.000010 0.977953
0.000010 0.989657 0.010333
0.000010 0.999980 0.000010
0.000010 0.000010 0.999980
0.010602 0.047608 0.941790
0.000010 0.027285 0.972705
0.000010 0.007752 0.992238
0.025148 0.027193 0.947660
0.011939 0.038591 0.949469
0.013500 0.936009 0.050491
0.000010 0.024233 0.975757
0.013089 0.024452 0.962459
0.000010 0.025264 0.974726
0.999980 0.000010 0.000010
0.457289 0.000010 0.542701
0.004971 0.995019 0.000010
0.000010 0.013976 0.986014
0.000010 0.060691 0.939299
0.000010 0.999980 0.000010
0.000010 0.999980 0.000010
0.000010 0.999980 0.000010
0.028996 0.970994 0.000010
0.011232 0.988758 0.000010
0.012951 0.000010 0.987039
0.016779 0.000010 0.983211
0.000010 0.999980 0.000010
0.011098 0.046191 0.942711
0.000010 0.000010 0.999980
0.022077 0.977913 0.000010
0.000010 0.044679 0.955311
0.000010 0.999980 0.000010
0.002917 0.997073 0.000010
0.000010 0.027233 0.972757
0.005468 0.994522 0.000010
0.000010 0.039675 0.960315
0.015181 0.051407 0.933413
0.016508 0.035674 0.947818
0.000010 0.990238 0.009752
0.000010 0.999980 0.000010
0.027400 0.027324 0.945276
0.000010 0.052969 0.947021
0.013772 0.028932 0.957296
0.005298 0.994692 0.000010
0.000010 0.999980 0.000010
